10000000.0
1000000.0
100000.0
1001000000.0
101000000.0
103000000.0
105000000.0
1050000.0
107000000.0
109000000.0
11000000.0
1100000.0
1101000000.0
111000000.0
113000000.0
115000000.0
1150000.0
117000000.0
119000000.0
1200000.0
1201000000.0
121000000.0
123000000.0
125000000.0
1250000.0
127000000.0
129000000.0
13000000.0
1300000.0
1301000000.0
131000000.0
133000000.0
135000000.0
1350000.0
137000000.0
139000000.0
1400000.0
1401000000.0
141000000.0
143000000.0
145000000.0
1450000.0
147000000.0
149000000.0
15000000.0
1500000.0
150000.0
1501000000.0
151000000.0
153000000.0
155000000.0
1550000.0
157000000.0
159000000.0
1600000.0
1601000000.0
161000000.0
163000000.0
165000000.0
1650000.0
167000000.0
169000000.0
17000000.0
1700000.0
1701000000.0
171000000.0
173000000.0
175000000.0
1750000.0
177000000.0
179000000.0
1800000.0
1801000000.0
181000000.0
183000000.0
185000000.0
1850000.0
187000000.0
189000000.0
19000000.0
1900000.0
1901000000.0
191000000.0
193000000.0
195000000.0
1950000.0
197000000.0
199000000.0
2000000.0
200000.0
2001000000.0
201000000.0
203000000.0
205000000.0
2050000.0
207000000.0
209000000.0
21000000.0
2100000.0
2101000000.0
211000000.0
213000000.0
215000000.0
2150000.0
217000000.0
219000000.0
2200000.0
2201000000.0
221000000.0
223000000.0
225000000.0
2250000.0
227000000.0
229000000.0
23000000.0
2300000.0
2301000000.0
231000000.0
233000000.0
235000000.0
2350000.0
237000000.0
239000000.0
2400000.0
2401000000.0
241000000.0
243000000.0
245000000.0
2450000.0
247000000.0
249000000.0
25000000.0
2500000.0
250000.0
2501000000.0
251000000.0
253000000.0
255000000.0
2550000.0
257000000.0
259000000.0
2600000.0
2601000000.0
261000000.0
263000000.0
265000000.0
2650000.0
267000000.0
269000000.0
27000000.0
2700000.0
2701000000.0
271000000.0
273000000.0
275000000.0
2750000.0
277000000.0
279000000.0
2800000.0
2801000000.0
281000000.0
283000000.0
285000000.0
2850000.0
287000000.0
289000000.0
29000000.0
2900000.0
2901000000.0
291000000.0
293000000.0
295000000.0
2950000.0
297000000.0
299000000.0
3000000.0
300000.0
3001000000.0
301000000.0
303000000.0
305000000.0
3050000.0
307000000.0
309000000.0
31000000.0
3100000.0
3101000000.0
311000000.0
313000000.0
315000000.0
3150000.0
317000000.0
319000000.0
3200000.0
3201000000.0
321000000.0
323000000.0
325000000.0
3250000.0
327000000.0
329000000.0
33000000.0
3300000.0
3301000000.0
331000000.0
333000000.0
335000000.0
3350000.0
337000000.0
339000000.0
3400000.0
3401000000.0
341000000.0
343000000.0
345000000.0
3450000.0
347000000.0
349000000.0
35000000.0
3500000.0
350000.0
3501000000.0
351000000.0
353000000.0
355000000.0
3550000.0
357000000.0
359000000.0
3600000.0
3601000000.0
361000000.0
363000000.0
365000000.0
3650000.0
367000000.0
369000000.0
37000000.0
3700000.0
3701000000.0
371000000.0
373000000.0
375000000.0
3750000.0
377000000.0
379000000.0
3800000.0
3801000000.0
381000000.0
383000000.0
385000000.0
3850000.0
387000000.0
389000000.0
39000000.0
3900000.0
3901000000.0
391000000.0
393000000.0
395000000.0
3950000.0
397000000.0
399000000.0
4000000.0
400000.0
4001000000.0
401000000.0
403000000.0
405000000.0
4050000.0
407000000.0
409000000.0
41000000.0
4100000.0
4101000000.0
411000000.0
413000000.0
415000000.0
4150000.0
417000000.0
419000000.0
4200000.0
4201000000.0
421000000.0
423000000.0
425000000.0
4250000.0
427000000.0
429000000.0
43000000.0
4300000.0
4301000000.0
431000000.0
433000000.0
435000000.0
4350000.0
437000000.0
439000000.0
4400000.0
4401000000.0
441000000.0
443000000.0
445000000.0
4450000.0
447000000.0
449000000.0
45000000.0
4500000.0
450000.0
4501000000.0
451000000.0
453000000.0
455000000.0
4550000.0
457000000.0
459000000.0
4600000.0
4601000000.0
461000000.0
463000000.0
465000000.0
4650000.0
467000000.0
469000000.0
47000000.0
4700000.0
4701000000.0
471000000.0
473000000.0
475000000.0
4750000.0
477000000.0
479000000.0
4800000.0
4801000000.0
481000000.0
483000000.0
485000000.0
4850000.0
487000000.0
489000000.0
49000000.0
4900000.0
4901000000.0
491000000.0
493000000.0
495000000.0
4950000.0
497000000.0
499000000.0
5000000.0
500000.0
5001000000.0
501000000.0
503000000.0
505000000.0
5050000.0
507000000.0
509000000.0
51000000.0
5100000.0
5101000000.0
511000000.0
513000000.0
515000000.0
5150000.0
517000000.0
519000000.0
5200000.0
5201000000.0
521000000.0
523000000.0
525000000.0
5250000.0
527000000.0
529000000.0
53000000.0
5300000.0
5301000000.0
531000000.0
533000000.0
535000000.0
5350000.0
537000000.0
539000000.0
5400000.0
5401000000.0
541000000.0
543000000.0
545000000.0
5450000.0
547000000.0
549000000.0
55000000.0
5500000.0
550000.0
5501000000.0
551000000.0
553000000.0
555000000.0
5550000.0
557000000.0
559000000.0
5600000.0
5601000000.0
561000000.0
563000000.0
565000000.0
5650000.0
567000000.0
569000000.0
57000000.0
5700000.0
5701000000.0
571000000.0
573000000.0
575000000.0
5750000.0
577000000.0
579000000.0
5800000.0
5801000000.0
581000000.0
583000000.0
585000000.0
5850000.0
587000000.0
589000000.0
59000000.0
5900000.0
5901000000.0
591000000.0
593000000.0
595000000.0
5950000.0
597000000.0
599000000.0
6000000.0
600000.0
6001000000.0
601000000.0
603000000.0
605000000.0
6050000.0
607000000.0
609000000.0
61000000.0
6100000.0
6101000000.0
611000000.0
613000000.0
615000000.0
6150000.0
617000000.0
619000000.0
6200000.0
6201000000.0
621000000.0
623000000.0
625000000.0
6250000.0
627000000.0
629000000.0
63000000.0
6300000.0
6301000000.0
631000000.0
633000000.0
635000000.0
6350000.0
637000000.0
639000000.0
6400000.0
6401000000.0
641000000.0
643000000.0
645000000.0
6450000.0
647000000.0
649000000.0
65000000.0
6500000.0
650000.0
6501000000.0
651000000.0
653000000.0
655000000.0
6550000.0
657000000.0
659000000.0
6600000.0
6601000000.0
661000000.0
663000000.0
665000000.0
6650000.0
667000000.0
669000000.0
67000000.0
6700000.0
6701000000.0
671000000.0
673000000.0
675000000.0
6750000.0
677000000.0
679000000.0
6800000.0
6801000000.0
681000000.0
683000000.0
685000000.0
6850000.0
687000000.0
689000000.0
69000000.0
6900000.0
6901000000.0
691000000.0
693000000.0
695000000.0
6950000.0
697000000.0
699000000.0
7000000.0
700000.0
7001000000.0
701000000.0
703000000.0
705000000.0
7050000.0
707000000.0
709000000.0
71000000.0
7100000.0
7101000000.0
711000000.0
713000000.0
715000000.0
7150000.0
717000000.0
719000000.0
7200000.0
7201000000.0
721000000.0
723000000.0
725000000.0
7250000.0
727000000.0
729000000.0
73000000.0
7300000.0
7301000000.0
731000000.0
733000000.0
735000000.0
7350000.0
737000000.0
739000000.0
7400000.0
7401000000.0
741000000.0
743000000.0
745000000.0
7450000.0
747000000.0
749000000.0
75000000.0
7500000.0
750000.0
7501000000.0
751000000.0
753000000.0
755000000.0
7550000.0
757000000.0
759000000.0
7600000.0
7601000000.0
761000000.0
763000000.0
765000000.0
7650000.0
767000000.0
769000000.0
77000000.0
7700000.0
7701000000.0
771000000.0
773000000.0
775000000.0
7750000.0
777000000.0
779000000.0
7800000.0
7801000000.0
781000000.0
783000000.0
785000000.0
7850000.0
787000000.0
789000000.0
79000000.0
7900000.0
7901000000.0
791000000.0
793000000.0
795000000.0
7950000.0
797000000.0
799000000.0
8000000.0
800000.0
8001000000.0
801000000.0
803000000.0
805000000.0
8050000.0
807000000.0
809000000.0
81000000.0
8100000.0
8101000000.0
811000000.0
813000000.0
815000000.0
8150000.0
817000000.0
819000000.0
8200000.0
8201000000.0
821000000.0
823000000.0
825000000.0
8250000.0
827000000.0
829000000.0
83000000.0
8300000.0
8301000000.0
831000000.0
833000000.0
835000000.0
8350000.0
837000000.0
839000000.0
8400000.0
8401000000.0
841000000.0
843000000.0
845000000.0
8450000.0
847000000.0
849000000.0
85000000.0
8500000.0
850000.0
8501000000.0
851000000.0
853000000.0
855000000.0
8550000.0
857000000.0
859000000.0
8600000.0
8601000000.0
861000000.0
863000000.0
865000000.0
8650000.0
867000000.0
869000000.0
87000000.0
8700000.0
8701000000.0
871000000.0
873000000.0
875000000.0
8750000.0
877000000.0
879000000.0
8800000.0
8801000000.0
881000000.0
883000000.0
885000000.0
8850000.0
887000000.0
889000000.0
89000000.0
8900000.0
8901000000.0
891000000.0
893000000.0
895000000.0
8950000.0
897000000.0
899000000.0
9000000.0
900000.0
9001000000.0
901000000.0
903000000.0
905000000.0
9050000.0
907000000.0
909000000.0
91000000.0
9100000.0
9101000000.0
911000000.0
913000000.0
915000000.0
9150000.0
917000000.0
919000000.0
9200000.0
9201000000.0
921000000.0
923000000.0
925000000.0
9250000.0
927000000.0
929000000.0
93000000.0
9300000.0
9301000000.0
931000000.0
933000000.0
935000000.0
9350000.0
937000000.0
939000000.0
9400000.0
9401000000.0
941000000.0
943000000.0
945000000.0
9450000.0
947000000.0
949000000.0
95000000.0
9500000.0
950000.0
9501000000.0
951000000.0
953000000.0
955000000.0
9550000.0
957000000.0
959000000.0
9600000.0
9601000000.0
961000000.0
963000000.0
965000000.0
9650000.0
967000000.0
969000000.0
97000000.0
9700000.0
9701000000.0
971000000.0
973000000.0
975000000.0
9750000.0
977000000.0
979000000.0
9800000.0
9801000000.0
981000000.0
983000000.0
985000000.0
9850000.0
987000000.0
989000000.0
99000000.0
9900000.0
9901000000.0
991000000.0
993000000.0
995000000.0
9950000.0
997000000.0
999000000.0
