12.956692589941728
15.165357826667519
10.76185362930351
14.196162453151045
10.447969410946524
17.21800020316368
11.827165750909495
11.69898323227204
15.65730888403442
15.116706975008528
10.962113022064024
9.390314000715845
11.001938683298325
18.646611268787076
15.674670993414576
11.860031560522431
11.401372331356322
9.731637051508349
14.739565843896793
13.685601415188659
18.29987436327233
16.389549738962355
18.408319609042156
13.805548597556603
13.7482875032324
12.935668974949687
10.928288541311424
10.368425288881088
14.795549061644135
11.770087073988371
12.20924469502483
14.062527360513497
10.052928408891919
12.935338601615982
12.229577454897449
12.141283747827748
9.224199035925148
9.555300247611296
13.491509385971998
12.119912743726237
10.701302252689826
12.569277480681237
12.649542454836672
12.514882250856441
12.601779231364379
12.298434851135118
10.397515269393768
11.712532485099759
10.928331341454683
15.320422272728823
14.26728437238679
12.55629156312932
10.503788931024895
20.51923560189262
13.721740013323698
15.52983243518248
12.392639622233684
10.878150465360525
18.073035043113187
16.68286265013561
11.483247599482173
9.209069314169597
16.642077859986536
12.323316939680945
12.466714869667406
12.945528891964003
11.688444219767922
14.830361103488586
6.739451519963531
11.682477314161405
15.220436546569253
16.67616581565353
14.313782998790902
10.124684019021453
11.009617499591506
12.252747623445574
17.488524459685195
9.573776829199918
14.030353239717995
13.947733622761927
11.297521184157747
16.07975470733817
11.049939451013529
13.981495334664302
11.929333428743456
12.369679917976205
15.037043835998565
8.052645540803654
14.38233527071596
14.096466112854804
18.41716554427684
10.054595329042861
13.567535606707974
12.029877549843428
13.39510463476873
10.827219557918001
11.579717251997312
12.137632801696618
12.131336809648776
11.597548722156485
15.6569649935088
13.33483295252226
8.38948406918127
14.382582086463508
15.95272859108871
10.870183359967063
16.249797642520818
14.652638858386323
9.816347773994744
16.528840675561025
9.010080984300737
15.929519124816172
16.843854607468923
16.06885572339886
12.852498723764464
17.10435600128217
15.363504813727246
11.147399706956937
12.552033320002266
15.292436855778908
16.16409296756145
12.952693555009231
15.555469552404979
12.661768780351554
22.830180040703866
7.491933201540206
16.774054702347115
11.339394466162632
15.324974348641007
7.4974872393719325
12.44511518704065
13.56573857421103
10.467145243255962
9.789492726350897
18.19727444257362
9.317791932888657
12.997672017788373
14.611578498572527
12.44130813589335
12.138677671989404
9.290791431616423
14.577830635192031
17.856807919614372
11.5394647465493
12.013641908302109
15.881606828121498
8.121224271228321
12.131781806322723
12.777080718197395
11.587692305784373
12.092866540726295
11.535323483213999
16.943945473709885
13.22191224446592
13.688880016967504
6.448157926887639
12.723379959734347
11.86954361161332
15.935628365218802
19.027393252387323
13.805529654124514
13.756354513308484
10.21441925567947
9.532028042836068
10.394544745202495
15.136710019616752
15.126163600226372
17.294222486846806
22.30111341158222
12.111257635032675
13.363986244279253
14.379165547776525
12.55456487684221
9.166751054661594
13.927918919127242
15.529219657056696
13.654862626349445
17.568584629417632
13.117165729575685
12.634151621572439
12.704931805042758
13.601851569263046
10.263516135862837
10.410207874857122
11.670181738290946
14.704121595493648
17.00851726818285
12.165812337680531
14.77488005570421
8.714354837999885
14.639448740456634
16.700153901828923
12.964986490275237
13.097963248630391
28.829802087221545
9.767561118267928
10.985625565375583
13.3851971817985
13.009281805979976
9.47326580401124
18.397358475415352
14.416136642434514
17.62586129274812
19.25678174291162
18.852345517345555
16.26949367813823
15.337961944331285
15.347055199402504
10.856162622244916
12.321025322304983
11.263147082054683
18.54282235285875
10.325209451984879
7.64580101870992
15.451624567461911
11.426678356850323
20.56778130886372
11.13554882538678
8.890973489583658
14.468650681274564
13.122675190984811
17.839470403841208
13.975815924412732
14.341574733844288
12.47495950714397
8.358550549106328
11.143433107829717
10.75639678738907
16.10681175651515
20.067548619971898
11.042402419263656
13.226856978587913
11.233086287693261
10.311422315912823
11.090297588660812
11.119722170652706
11.014870739395532
19.611080356138626
19.667157559050395
12.858227517962728
9.505171954823435
7.28239491356301
11.62125712469632
13.002156898887808
15.043197813943571
13.60129258947202
20.403589782438086
12.390760848855153
14.02762824602529
13.978108018665138
13.729415173192868
16.11312369046689
12.04351057268312
10.923033911419195
15.478019212381987
25.43520561737481
13.154968424175784
19.35845934812565
10.805141633096891
9.521417974315378
12.813470721432505
11.366660497380419
16.202414483977908
12.861734592964368
24.649308528994737
14.514774596302757
17.857923527747943
10.127823622001825
16.487444033533794
12.042563865499812
10.76112966198881
14.247609651274031
17.30176087498586
20.943674763289643
14.946080279984127
10.18333812010571
9.733435029822754
11.027828132807619
13.07344192631167
15.448656380528517
12.862726619630498
23.689578210455526
15.537057725609388
11.454712630132047
10.237954995071952
18.369345071147023
16.642111465818598
14.80908685923736
17.48416187337743
11.026189759498598
19.162721329682945
12.322346156000426
12.361856487671282
11.301895170947768
10.687191477666998
9.144447698103406
14.996078056914282
13.406215342090617
27.218108549763524
16.566291145289938
18.206086736002014
10.35369966988936
9.077702550603544
17.61663271592308
12.639627939165873
14.549014950458984
13.328239695822706
11.382749261495293
28.503438979446475
12.393516583363965
11.626483715022706
9.479500651538045
11.044220219444709
12.027759575232
9.128022255022115
17.71765411488016
29.789077064602324
14.05771795053385
12.653431592826333
8.222352269156504
11.359092898116112
12.002168773591496
14.365085594276401
17.531372693474566
17.4978969737443
28.901778938953477
11.962901408965083
11.590875943174284
11.915221822661016
13.643907546375495
7.475005436563759
16.2345718713931
11.71223357613255
36.468201285923264
13.019662018900178
8.792899049770092
10.17587809217919
7.68054372853443
8.414162490733952
16.018600639634855
14.053157677229189
19.071921123014295
30.846746313733295
13.442583777871562
13.274718036057052
7.947497774269096
13.347531037659346
15.889000612056238
15.465185308186225
15.977121113646708
14.822951124767325
30.34954412297726
15.471129240358518
10.431115115423234
11.917263121691425
10.261710598130158
8.589109258998377
12.39110781572182
11.824393235734373
7.10192860826138
34.69081492348103
14.578147744619994
10.311445894585223
12.865569097490578
10.791239552791101
15.472450625962745
11.456430035149054
14.100013944419405
39.005254507458375
15.210479742522942
10.482858512681718
14.292325316411045
11.002036996225506
12.063139935900997
10.11283297749244
17.43587474467233
12.763750241448811
42.9119948771849
14.903639998582923
11.578341182656397
14.658292892168957
15.335178419404441
10.860906327228165
6.913216388934315
7.447267273610597
43.267047199238924
12.441128223331496
11.463598570243875
10.900068412276795
16.84962553667438
16.42188183308879
13.041922772800921
13.572784542118036
10.882638483501813
15.706877547982101
39.85305373150329
13.665124134473745
12.694766330204665
17.54938418276383
11.650362365045487
9.393038304211519
16.054984367108272
13.36634391803683
44.74806742968079
9.304930024948412
12.369248687348492
12.68844863828135
13.692083387316982
14.830205486880722
16.63746343497811
13.131846420042624
17.396425575697158
47.93928484041353
12.20550944963615
9.80435399205471
16.17704740092507
10.640025046686288
12.544905831465835
11.917359864132854
17.568847125678378
50.82419519648408
14.353822851096364
14.142314102034032
9.138508911316222
14.73895545384577
9.968026509223849
13.907323852682286
9.491698372421851
12.645833212793702
54.234862576685686
12.804248581726009
10.122924432582389
12.965954241343313
12.270743693404123
11.88355360127569
14.601835351623938
8.742537538445237
10.536757988067816
49.0497356827862
12.814474692796166
11.837741156990814
12.834046367300266
15.054184095565086
8.78675145279971
17.282974814679342
10.669105304782024
12.31255369803124
51.45614377117686
10.047189453976078
14.889155478129226
19.847805309593774
13.618464951460405
12.035773295527504
16.290192848310475
11.86893611429269
59.80597856365609
11.104242001085627
15.546028447653846
17.632631340537014
12.635385378521518
14.756508751523583
13.7089371964772
14.550667113618049
8.838248157953458
59.49311488791716
10.925210859125508
12.709733520269731
18.256142860294656
11.666392606221702
12.063773786259144
10.110833198047018
15.41342817898336
64.66752751644555
15.561193707139399
8.083868830618433
8.88723287980371
21.219014801851277
14.185216861603173
18.78828854929362
14.005052176203684
16.293183541148306
11.639763982495293
73.95727426696705
14.906527253010033
10.78116931344065
11.103924798013134
16.632507315564006
16.880818162108312
14.485074343508286
11.231070680528209
72.37835582032343
11.743795731719844
8.136980052795705
14.359157409228757
10.385711125268301
12.026287786235613
12.887120982348689
15.39954816987706
8.323008195061137
68.75582692672015
14.13372619013925
12.037737467332262
13.852571712634123
12.70029635476604
10.929562288628855
17.22938447210928
16.30395481242836
72.95090138407475
8.68283933265214
16.9812992147139
12.964735861551793
9.447623063169704
14.513349583017087
15.167940358881019
8.859101309631743
9.35892246997907
77.61882071606482
13.58390461448397
13.35451299452459
15.665268243839368
12.562822528804796
13.984180993808504
13.8163051704927
20.35078021240682
14.053993740644978
79.97699116208237
13.99420017844097
8.520414395523604
15.047464822090006
6.9212417992538215
7.000542121634771
12.175815394255896
13.986084161507817
10.87933593123895
90.18161097075568
16.226277843980572
12.446984799468066
12.472150969269633
11.59131223376679
15.787310550463001
13.659276993142376
8.31034864552463
99.19019094305638
11.272297052570249
16.30130428826877
12.526939271619373
14.099422399499424
12.643532288314754
13.032188726394322
8.818017995221204
13.290549851443581
101.25430454853178
9.330954137899102
11.638788306174444
13.300861786919691
9.947812038569182
11.319793651249501
11.986310592551945
12.192522225242046
96.1600530060507
13.520370128802579
10.86404222760196
8.498615031621345
10.163956199279259
9.017548741956952
7.103709080203527
10.30475778099329
12.131530768177294
12.219009172118007
110.71831800733669
7.893506799067439
17.522625096099585
17.14904117647442
14.308048409142392
9.384517290766318
7.1169560935128455
12.446370976390273
104.17910835056857
16.846621208413104
12.066719755734205
16.114189749181882
8.464626560892661
10.971401753327857
11.011761736106616
5.698793160083591
15.40215918491017
121.34062569726981
11.297179087305004
16.804664975608027
15.026513724081601
10.032500775246659
12.98398885336887
10.641234421339488
19.647288627888017
115.76996080619547
15.209171937610792
19.047270998987734
13.011065610778923
9.947728655837842
17.25864115412175
14.228328540509871
11.36441067254278
13.497644171967693
106.43197507159316
11.160833130311929
10.877886020343897
15.501948388044212
17.69150126465679
11.967675573642444
17.54569024803282
11.233959320216389
13.325466578354819
114.55923032155499
18.544684154300533
6.577308725223417
11.24588319910678
11.312820931560156
17.09099400327741
12.22885595686555
9.814499370007933
13.112643505080063
123.31897437030881
10.826457046092383
10.69810329931181
7.899328625265226
13.412553413691334
11.879686631687289
11.943669441980054
18.515549577770912
142.04430142493575
12.772572242511753
9.984293467629355
16.343749777656733
13.158993423965278
11.84433774210074
8.91159426411171
12.225412160525863
10.736384636291652
132.66328467211852
12.553029876770557
16.1558178807232
14.412771334318862
6.319176529687124
12.756190805667222
17.008876832145887
12.789508775521641
145.9785905855558
13.77511869608745
13.418710309087519
15.75852550105574
11.055754474042415
19.464566726127508
15.935620438407573
9.334903203592516
15.939810912960546
8.416021213409149
144.92743476297082
13.631314319380714
10.249197433300477
11.58482720494905
12.8528534709098
10.788793513041199
14.786678060885585
10.683501737408703
150.08678478169912
12.492541973744663
15.03773880431558
12.115803843987823
13.697307594134625
9.695489075917713
12.559933802161227
12.590087841032243
13.430658464887061
157.13752008061752
14.663852658755198
11.524942198258145
11.276903555241534
11.90850021208029
17.23050222411318
13.689157654038679
17.281580536893383
161.5482077084649
10.865179694829589
14.517682884723891
10.61881656716176
10.969924078316218
14.390103094241883
12.103298430503145
11.833564811310929
10.443386132979686
170.29472128025606
8.536714623579966
14.727792905939173
14.919511174490031
7.8752772843129035
11.947287230251806
12.139699029842182
11.91782071901488
14.024966529046155
185.55758681850958
12.997475629432927
9.555700775194811
13.990869666350235
9.597190737323505
8.415561351089286
11.012486203834118
13.473329490683394
11.946672716131884
187.0485081244751
12.142273037049089
12.598145791787111
10.907816060867814
12.307872360392869
20.607072251566297
15.690023974826433
11.074379465752008
217.40457150928682
10.796234778970069
13.267338707052147
10.889945980450053
18.405823977062756
7.9019864367329555
9.35598770409674
10.651170645015922
11.391310934915484
191.16361802162007
13.827721823136375
16.810685144038924
6.7452996313674145
9.783260816410527
13.173417035854543
11.27362784388603
13.980512068627915
184.49011096891414
14.481679558798673
12.501592281949875
10.147067133740842
12.906598924455846
16.15923632458219
12.106456504152163
12.178041728600887
15.234087248939801
18.581112100824413
211.1286954744486
9.547147874094353
15.714986465004385
10.281672729664043
15.45036127003019
15.681727022537098
15.952963372229794
16.29244424083402
215.38609934782698
8.503256163631688
11.077535433534909
11.588893579697869
6.824184163199956
17.064210280676196
13.569481661426952
16.02020093994485
19.211602264218655
237.45293716397407
13.514934519058453
21.53453780812859
11.325625780495603
12.800771217425076
10.82377601778302
12.273033076575222
10.852715800786571
227.24246839460716
10.133708879114883
13.84571234500822
10.561122677713882
12.88625154686454
8.826769994543962
11.44424197838928
13.77582503506026
13.151817611337817
241.1372899772572
15.84260558609311
9.091289399276132
14.271651522177343
12.085588489278432
9.414411624857244
7.803962845184742
